1
234
234234
324
23423
7645
6734
784545
565
5745
45656
345
956
6336
456745
56
4574
4573
456
4666
6
34564
5647
445754
567
445
963
75689
565
5675
5685
576856
57856
45675
56785
4445
0
4567
56756
65
7
47907
567
5675
557
56778
5
56578
567
56
4457
7695
467
476
4567
45678
89
49
3657
867
5659
5785
64578
458
48
9578
349
9
67845
89
56876
575
6786
575
57856
568565
5755
57856
4575
568
678
7
457689
5785
0
5
658
79
67845
775
678
56868
686
5776
5675
5675
5756
56756
5757
5757
575
457
46
95
585
57857
56785
4578893
3489
655
905
60
459
58845
957
4895
4589
5865
75676
456766
7765
8677
6775
0
5
9
5789
6786
87678
5668
559
6789
5560
45
2334
42
426723
224
24523
7344556
353
35
534
3453
444
5353
443
53
340
56
594
4794
34769
1235
6
734
1
23
736
375
73485
85
566
340
565
444
499
567
567
450
5
90900
544845
5686
68768
908
456
4459
900
45664
456
23
21
452334
22221
12311
564
456
322
624
48567
4644
674
46464
4646
4644
464
4645
5
234